$$$ exec p1 : [./vinograd.filler]
launched players/carli.filler
$$$ exec p2 : [players/carli.filler]
Plateau 15 17:
    01234567890123456
000 .................
001 .................
002 .................
003 ..O..............
004 ..OO.............
005 ..OOO............
006 ...O.............
007 ...OO...X........
008 ....OOOXXX.......
009 .........XX......
010 ..........XXX....
011 ............XX...
012 .............XX..
013 .................
014 .................
Piece 2 2:
*.
**

[y-8 : x-6]
 	0  1  2  3  4  5  6  7  8  9  0  1  2  3  4  5  6
0	8  7  7  7  7  7  7  7  7  7  7  7  7  7  7  7  8 
1 	8  7  6  6  6  6  6  6  6  6  6  6  6  6  6  7  7 
2 	8  7  6  5  5  5  5  5  5  5  5  5  5  5  6  6  7 
3 	8  7 -5  5  4  4  4  4  4  4  4  4  4  5  5  6  6 
4 	8  8 -5 -5  4  3  3  3  3  3  3  3  4  4  5  5  6 
5 	7  7 -5 -5 -5  3  2  2  2  2  2  3  3  4  4  5  5 
6 	7  6  6 -5  3  2  2  1  1  1  2  2  3  3  4  4  4 
7 	7  6  5 -5 -5  2  1  1  0  1  1  2  2  3  3  3  4 
8 	7  6  5  4 -5 -5 -5  0  0  0  1  1  2  2  2  3  3 
9 	7  6  5  4  3  2  1  1  1  0  0  1  1  1  2  2  3 
10 	7  6  5  4  3  2  2  2  1  1  0  0  0  1  1  2  2 
11 	7  6  5  4  3  3  3  2  2  1  1  1  0  0  1  1  2 
12 	7  6  5  4  4  4  3  3  2  2  2  1  1  0  0  1  2 
13 	7  6  5  5  5  4  4  3  3  3  2  2  1  1  1  1  2 
14 	7  6  6  6  5  5  4  4  4  3  3  2  2  2  2  2  2 


*.
**

19181716151514141414141414141414141414141414141414141414141414141414141414151515
19181716151414131313131313131313131313131313131313131313131313131313131314141415
19181716151413131212121212121212121212121212121212121212121212121212121313131415
191817 M151413121211111111111111111111111111111111111111111111111111121212131414
191818 M M M M121111101010101010101010101010101010101010101010101011111112131313
1918171717 M M12111010 9 9 9 9 9 9 9 9 9 9 9 9 9 9 9 9 9 9 9 9 91010101112121212
19181716 M M M M M10 9 9 8 8 8 8 8 8 8 8 8 8 8 8 8 8 8 8 8 8 8 9 9 9101111111112
191817161514 M M1110 9 8 8 7 7 7 7 7 7 7 7 7 7 7 7 7 7 7 7 7 8 8 8 9101010101111
19181716151413 M M M M 8 7 7 6 6 6 6 6 6 6 6 6 6 6 6 6 6 6 7 7 7 8 9 9 9 9101010
191817161514131211 M m 8 7 6 6 5 5 5 5 5 5 5 5 5 5 5 5 5 6 6 6 7 8 8 8 8 9 9 9 9
19181716151413121110 9 8 7 6 5 5 4 4 4 4 4 4 4 4 4 4 4 5 5 5 6 7 7 7 7 8 8 8 8 8
19181716151413121110 9 8 7 6 5 4 4 3 3 3 3 3 3 3 3 3 4 4 4 5 6 6 6 6 7 7 7 7 7 7
19181716151413121110 9 8 7 6 5 4 3 3 2 2 2 2 2 2 2 3 3 3 4 5 5 5 5 6 6 6 6 6 6 6
19181716151413121110 9 8 7 6 5 4 3 2 2 1 1 1 1 1 2 2 2 3 4 4 4 4 5 5 5 5 5 5 5 6
19181716151413121110 9 8 7 6 5 4 3 2 1 1 E E E 1 1 1 2 3 3 3 3 4 4 4 4 4 4 4 5 6
19181716151413121110 9 8 7 6 5 4 3 2 1 E E E E E E 1 2 2 2 2 3 3 3 3 3 3 3 4 5 6
19181716151413121110 9 8 7 6 5 4 3 2 1 1 1 1 1 1 E 1 1 1 1 2 2 2 2 2 2 2 3 4 5 6
19181716151413121110 9 8 7 6 5 4 3 2 2 2 2 2 1 E E E E E 1 1 1 1 1 1 1 2 3 4 5 6
19181716151413121110 9 8 7 6 5 4 3 3 3 3 3 2 1 1 1 1 1 E E E E E E E 1 2 3 4 5 6
19181716151413121110 9 8 7 6 5 4 4 4 4 4 3 2 2 2 2 2 1 1 1 1 1 1 E 1 1 2 3 4 5 6
19181716151413121110 9 8 7 6 5 5 5 5 5 4 3 3 3 3 3 2 2 2 2 2 2 1 1 1 2 2 3 4 5 6
19181716151413121110 9 8 7 6 6 6 6 6 5 4 4 4 4 4 3 3 3 3 3 3 2 2 2 2 2 3 3 4 5 6
19181716151413121110 9 8 7 7 7 7 7 6 5 5 5 5 5 4 4 4 4 4 4 3 3 3 3 3 3 3 4 4 5 6
19181716151413121110 9 8 8 8 8 8 7 6 6 6 6 6 5 5 5 5 5 5 4 4 4 4 4 4 4 4 4 5 5 6